0.007142857
0.01428571
0.02142857
0.03434343
0.04141414
0.04848485
0.05555556
0.06262626
0.06969697
0.07676768
0.08383838
0.09090909
0.0979798
0.1050505
0.1121212
0.1191919
0.1262626
0.1333333
0.140404
0.1474748
0.1545455
0.1616162
0.1686869
0.1757576
0.1828283
0.189899
0.1969697
0.2040404
0.2111111
0.2181818
0.2252525
0.2323232
0.2393939
0.2464646
0.2535354
0.2606061
0.2676768
0.2747475
0.2818182
0.2888889
0.2959596
0.3030303
0.310101
0.3171717
0.3242424
0.3313131
0.3383838
0.3454545
0.3525253
0.359596
0.3666667
0.3737374
0.3808081
0.3878788
0.3949495
0.4020202
0.4090909
0.4151515
0.4212121
0.4272727
0.4333333
0.4393939
0.4454545
0.4515151
0.4575758
0.4636364
0.469697
0.4757576
0.4818182
0.4878788
0.4939394
0.5
0.5060606
0.5151515
0.5212121
0.5272727
0.5333334
0.539394
0.5454546
0.5515152
0.5575758
0.5636364
0.569697
0.5757576
0.5818182
0.5878788
0.5939394
0.6
0.6060606
0.6121212
0.6181818
0.6242424
0.630303
0.6363636
0.6424242
0.6484848
0.6545454
0.6606061
0.6666667
0.6727273
0.6787879