0.00131735854731
0.00261445678524
0.00523886228833
0.00657349428765
0.00814218812171
0.00960078259021
0.0113065961787
0.0126269042165
0.0143049957496
0.0161587032026
0.0181947609134
0.0201588708187
0.0223490543553
0.0243648052557
0.0266939727377
0.0291043799166
0.0316103175391
0.0343014577561
0.037067435482
0.0400034240995
0.043315825666
0.0464308513467
0.0500079389624
0.0536454778475
0.0574896554469
0.0615416758037
0.0658162365479
0.070341445859
0.0751397238508
0.080382542874
0.0858105769473
0.091440309006
0.0974516812218
0.103822065887
0.110640271564
0.117868267095
0.125838451426
0.133754246223
0.14262874999
0.151790480325
0.16201841162
0.172762254642
0.184162467251
0.196646526281
0.211234796014
0.225867075601
0.241038641958
0.258213528509
0.277096993795
0.29751582168
0.319995805347
0.344894628647
0.372126140217
0.420544451603
0.450949032036
0.484700852402
0.521668298329
0.562634413046
0.608231941983
0.659107746938
0.716378681721
0.780459103246
0.852929629529
0.9351840443
1.02947266267
1.13717390645
1.26946627822
1.41377167904
1.58184240035
1.77977754342
2.01109457498
2.28568491703
2.61183114082
3.00161685723
3.47331528927
4.40811819164
5.17465357393
6.1012145934
7.23495407058
8.62679057472
10.3382839253
12.4629052369
15.0749149083
18.3022985734
22.2963836957
27.2384493498
33.3780604637
40.9175295003
50.2056511499
61.6243811118
76.0133194277
92.6065701037
115.379468404
133.805895521
165.07697183
190.354902644
222.412219123
249.270684913
285.054556433
318.385459924
382.118909432