0.00365428754042
0.0105477002425
0.0144011282147
0.0183687368435
0.0224894831524
0.0267251989737
0.0311471885727
0.0357141989403
0.040413238866
0.0454216971196
0.0505140107502
0.0561012691492
0.0615930759902
0.0675438308616
0.0739683559496
0.0809390599175
0.0881070608857
0.0956171761809
0.103596453114
0.112313642417
0.121636589977
0.131401255294
0.141991271425
0.153217312966
0.165447817117
0.178732647873
0.193065618942
0.208515360784
0.225235409658
0.243499747657
0.263296168276
0.285006436226
0.308673814024
0.334729930376
0.3633368744
0.410737354144
0.442036621669
0.476424508964
0.514573993105
0.556529499134
0.603145067306
0.65506589867
0.713193780019
0.779030858969
0.852938348462
0.936796631734
1.03239225969
1.14194814509
1.26847315022
1.41418188409
1.58373565439
1.78079973453
2.01149315478
2.28426082463
2.60398742254
2.98482294654
3.43430553706
4.32510979675
5.01910365573
5.85520782033
6.86126059835
8.06462283219
9.51269645476
11.2497362793
13.3606813216
15.8880260008
18.9321916667
22.604710081
27.0122137954
32.3534861807
38.7261045537
46.3694036278
55.4987493539
66.6936518478
79.7706813648
95.8581924027
113.36572701
135.552546932
162.073590011
182.11629973
219.211332711
242.368860517
271.523353539
307.695715806
355.368641449
389.617607076