0.007142857
0.02020202
0.02727273
0.03434343
0.04141414
0.04848485
0.05555556
0.06262626
0.06969697
0.07676768
0.08383838
0.09090909
0.0979798
0.1050505
0.1121212
0.1191919
0.1262626
0.1333333
0.140404
0.1474748
0.1545455
0.1616162
0.1686869
0.1757576
0.1828283
0.189899
0.1969697
0.2040404
0.2111111
0.2181818
0.2252525
0.2323232
0.2393939
0.2464646
0.2535354
0.2636364
0.269697
0.2757576
0.2818182
0.2878788
0.2939394
0.3
0.3060606
0.3121212
0.3181818
0.3242424
0.330303
0.3363636
0.3424242
0.3484848
0.3545454
0.3606061
0.3666667
0.3727273
0.3787879
0.3848485
0.3909091
0.4
0.4060606
0.4121212
0.4181818
0.4242424
0.430303
0.4363636
0.4424242
0.4484848
0.4545455
0.4606061
0.4666667
0.4727273
0.4787879
0.4848485
0.4909091
0.4969697
0.5030303
0.5090909
0.5151515
0.5212121
0.5272727
0.5333334
0.539394
0.5454546
0.5515152
0.5575758
0.5636364
0.569697